arrabida,0,0,628,307,629,0,0,0,0
arrabida,arrabida 0.75,12,805,221,415,235,633,103,552
arrabida,arrabida 0.41,0,731,340,473,199,639,283,475
arrabida,arrabida 0.81,0,1023,0,614,137,893,72,682
arrabida,arrabida 0.45,197,553,316,392,283,560,300,404
arrabida,arrabida 0.31,428,719,240,304,304,747,210,286
arrabida,arrabida 0.63,102,831,325,478,272,705,127,683
arrabida,arrabida 0.64,0,854,0,681,173,810,0,682
arrabida,arrabida 0.40,332,705,355,413,448,581,319,459
arrabida,arrabida 0.53,160,1023,154,297,307,836,129,360
arrabida,arrabida 0.81,0,999,255,468,171,808,244,521
arrabida,arrabida 0.49,29,458,336,438,4,533,310,426
arrabida,arrabida 0.65,33,1023,35,767,184,851,0,768
arrabida,arrabida 0.95,0,1023,94,542,0,1024,0,683
arrabida,arrabida 0.88,0,1023,175,451,113,871,183,469
arrabida,arrabida 0.70,0,1023,233,444,203,780,189,528
arrabida,arrabida 0.84,121,665,569,698,274,504,585,717
arrabida,arrabida 0.55,0,866,298,501,187,794,0,683
arrabida,arrabida 0.40,324,727,304,406,361,669,266,401
arrabida,arrabida 0.80,0,1023,206,491,35,971,232,455
arrabida,0,379,692,117,190,0,0,0,0
arrabida,arrabida 0.83,72,1023,0,570,0,1024,0,551
arrabida,arrabida 0.90,373,922,143,293,542,783,117,315
arrabida,arrabida 0.58,88,905,227,392,207,789,147,524
arrabida,arrabida 0.43,53,817,140,316,275,697,0,474
arrabida,arrabida 0.89,111,1023,122,358,313,836,0,543
arrabida,arrabida 0.47,25,819,347,519,282,593,247,561
arrabida,arrabida 0.57,152,983,111,290,250,899,0,406
arrabida,arrabida 0.63,6,961,169,353,81,897,154,378
arrabida,0,0,748,332,751,0,0,0,0
arrabida,arrabida 0.48,0,594,117,388,169,501,63,490
arrabida,arrabida 0.50,0,911,193,375,218,773,67,595
arrabida,arrabida 0.82,45,1023,207,433,116,874,208,430
arrabida,0,160,561,429,516,0,0,0,0
arrabida,arrabida 0.63,0,934,0,685,0,1024,0,768
arrabida,arrabida 0.96,0,1023,124,597,0,1024,0,682
arrabida,arrabida 0.92,0,1023,291,557,194,825,256,598
arrabida,0,248,442,142,188,0,0,0,0
arrabida,arrabida 0.48,35,913,261,472,34,936,288,448
arrabida,0,203,1023,323,705,0,0,0,0
arrabida,arrabida 0.81,23,965,219,437,181,819,184,486
arrabida,arrabida 0.34,0,592,115,1023,42,605,0,1024
arrabida,arrabida 0.45,100,967,257,464,255,751,154,548
arrabida,arrabida 0.73,0,739,262,408,240,574,167,518
arrabida,0,113,371,343,401,0,0,0,0
arrabida,arrabida 0.57,303,737,94,183,299,763,111,188
arrabida,arrabida 0.88,0,1023,87,325,100,910,74,351
arrabida,arrabida 0.72,108,882,192,368,293,703,94,444
arrabida,arrabida 0.60,428,825,106,188,349,842,114,203
arrabida,arrabida 0.64,51,991,180,361,172,824,96,490
arrabida,arrabida 0.92,0,1023,0,560,117,914,0,683
arrabida,arrabida 0.66,313,1023,61,232,371,955,0,347
arrabida,arrabida 0.78,133,866,101,271,273,730,0,405
arrabida,arrabida 0.60,0,1023,422,684,0,1024,331,685
arrabida,arrabida 0.72,135,653,287,396,143,701,309,426
arrabida,arrabida 0.33,195,552,348,424,197,569,331,397
arrabida,arrabida 0.75,123,913,238,411,229,775,97,544
arrabida,arrabida 0.52,115,948,155,347,290,739,72,419
arrabida,arrabida 0.81,143,926,303,445,335,696,232,527
arrabida,arrabida 0.57,98,762,520,682,146,643,482,736
arrabida,0,77,617,369,469,0,0,0,0
arrabida,arrabida 0.85,0,1023,304,538,171,829,270,642
arrabida,arrabida 0.45,0,1023,260,476,200,796,225,542
arrabida,arrabida 0.34,700,1023,295,358,700,967,280,354
arrabida,arrabida 0.61,96,868,273,421,135,859,115,618
arrabida,arrabida 0.65,0,858,158,546,132,764,131,579
arrabida,arrabida 0.37,84,848,410,574,259,628,401,551
arrabida,arrabida 0.60,338,860,337,446,442,720,320,489
arrabida,arrabida 0.77,197,942,132,289,365,673,88,329
arrabida,arrabida 0.94,0,1023,48,365,0,1009,0,459
arrabida,arrabida 0.94,0,1023,203,562,212,801,0,768
arrabida,0,113,1023,153,357,0,0,0,0
arrabida,arrabida 0.61,377,768,295,384,443,583,270,389
arrabida,arrabida 0.80,137,821,166,335,339,649,26,484
arrabida,arrabida 0.83,0,1023,212,439,141,859,167,481
arrabida,arrabida 0.30,301,743,550,641,378,637,481,652
arrabida,arrabida 0.77,166,901,134,335,355,795,0,473
arrabida,arrabida 0.39,155,767,195,1023,250,684,0,1024
arrabida,arrabida 0.74,275,2755,690,1210,657,2291,274,1611
arrabida,arrabida 0.72,435,2935,1295,1765,628,3168,1393,1916
arrabida,arrabida 0.57,112,671,122,237,239,491,38,340
arrabida,arrabida 0.71,677,1573,208,378,689,1437,239,417
arrabida,arrabida 0.45,125,1767,230,610,267,1548,112,669
arrabida,arrabida 0.48,43,2293,660,1163,89,2333,713,1130
arrabida,arrabida 0.80,34,1596,272,574,211,1377,217,660
arrabida,arrabida 0.95,-10,4740,170,2670,519,4163,459,2885
arrabida,arrabida 0.31,99,1021,291,483,8,1024,226,476
arrabida,arrabida 0.75,10,4300,1610,2430,256,3974,1436,2639
arrabida,arrabida 0.79,198,784,107,290,265,683,27,353
arrabida,arrabida 0.51,69,827,225,383,280,563,125,489
arrabida,arrabida 0.55,10,881,148,302,102,777,124,337
arrabida,0,135,3380,780,1425,0,0,0,0
arrabida,arrabida 0.72,30,999,80,275,134,855,80,312
arrabida,arrabida 0.37,66,592,159,291,94,533,121,318
arrabida,arrabida 0.91,13,1194,259,573,143,1007,281,572
arrabida,arrabida 0.93,-1,748,100,264,99,617,76,294
arrabida,arrabida 0.90,4,1588,128,620,193,1344,125,706
arrabida,arrabida 0.80,51,449,84,163,127,362,7,237
arrabida,arrabida 0.92,-3,1613,0,1067,0,1620,0,1080
arrabida,arrabida 0.35,384,857,313,413,468,724,263,411
arrabida,0,760,5240,1720,2470,0,0,0,0
arrabida,arrabida 0.57,950,2755,1335,1725,1123,2094,1311,1690
arrabida,arrabida 0.55,52,1022,0,623,0,1024,70,639
arrabida,0,45,486,100,186,0,0,0,0
arrabida,arrabida 0.91,30,2550,555,1210,296,2158,596,1229
camara,camara 0.93,35,3000,0,3170,300,2676,576,2384
camara,camara 0.95,20,3000,0,3180,503,2484,531,2447
camara,camara 0.95,0,3000,0,3210,502,2485,511,2469
camara,camara 0.96,25,3000,0,3090,439,2483,647,2350
camara,camara 0.96,0,2975,0,3290,468,2440,538,2819
camara,camara 0.94,0,2975,0,3310,361,2484,628,2757
camara,camara 0.94,0,2985,0,3150,351,2482,647,2810
camara,camara 0.82,920,3000,0,3060,447,3000,253,3123
camara,camara 0.95,5,2590,0,3200,264,2551,705,2809
camara,camara 0.93,0,2710,0,3165,157,2659,586,2947
camara,camara 0.91,0,2450,0,3165,146,2304,631,2817
camara,camara 0.92,0,2500,0,3220,0,2493,637,2820
camara,camara 0.90,0,2945,0,3160,20,2409,586,2874
camara,camara 0.85,0,2745,0,3105,0,2550,708,2696
camara,camara 0.83,0,2660,0,3090,0,2598,681,2731
camara,camara 0.77,0,2535,0,3125,0,2646,661,2753
camara,camara 0.80,0,2490,0,3175,0,2921,738,2692
camara,camara 0.83,855,3000,0,2970,741,2926,349,2961
camara,camara 0.82,825,3000,0,2955,807,2843,271,3035
camara,camara 0.86,845,3000,0,2960,811,2826,276,3039
camara,camara 0.86,815,3000,0,2970,782,2864,310,2991
camara,camara 0.88,750,3000,0,2975,678,2936,222,3109
camara,camara 0.89,665,3000,0,2965,503,3000,90,3239
camara,camara 0.87,505,3000,0,2980,35,3000,309,3077
camara,camara 0.73,965,4000,0,2485,1011,3693,594,1903
camara,camara 0.86,355,4000,160,2990,387,4000,246,2813
camara,camara 0.91,0,3995,150,3000,69,3817,402,2678
camara,camara 0.92,0,2730,805,3420,693,2224,799,3173
camara,camara 0.89,490,3370,75,2490,933,3131,116,2304
camara,0,975,3000,720,3040,0,0,0,0
camara,camara 0.57,410,3000,805,3090,283,2727,783,3054
camara,camara 0.71,320,3000,760,3045,454,2505,450,3417
camara,camara 0.65,0,2505,725,3020,64,2831,644,3219
camara,0,945,3000,685,3050,0,0,0,0
camara,0,945,3000,710,3065,0,0,0,0
camara,0,970,3000,730,3070,0,0,0,0
camara,0,940,3000,840,3090,0,0,0,0
camara,camara 0.33,910,3000,815,3090,403,3000,513,3332
camara,camara 0.41,880,3000,735,3105,409,3000,538,3323
camara,camara 0.39,765,3000,755,3080,554,2997,652,3183
camara,camara 0.55,615,3000,780,3080,353,3000,691,3159
camara,camara 0.38,1185,3000,850,3370,862,3000,848,3073
camara,camara 0.94,295,3000,0,3250,106,3000,130,3309
camara,camara 0.92,380,3000,0,3110,577,2990,80,3265
camara,camara 0.94,5,3000,0,3255,360,2637,245,3148
camara,camara 0.94,10,3000,0,3280,343,2634,338,3070
camara,camara 0.95,5,3000,0,3325,335,2628,388,3085
camara,camara 0.94,0,3000,0,3280,446,2504,441,3037
camara,camara 0.95,20,3000,0,3415,435,2560,401,3076
camara,camara 0.93,0,2985,105,3535,225,2684,648,2932
camara,camara 0.93,0,2985,145,3555,45,2793,674,2938
camara,camara 0.89,0,2940,160,3430,32,2766,706,2907
camara,camara 0.88,0,2800,105,3460,0,2832,666,2950
camara,camara 0.93,375,3000,0,3135,581,2991,69,3269
camara,camara 0.95,335,3000,0,3120,506,3000,78,3260
camara,camara 0.94,355,3000,0,3120,340,3000,113,3241
camara,camara 0.93,300,3000,0,3105,306,3000,147,3205
camara,camara 0.93,270,3000,0,3125,254,3000,307,3046
camara,camara 0.90,45,3000,0,3155,294,2862,502,2795
camara,camara 0.94,5,3000,0,3195,365,2708,266,3115
camara,camara 0.93,15,3000,0,3235,364,2700,126,3238
camara,camara 0.69,0,3985,0,2995,0,4000,76,2423
camara,camara 0.42,1460,3000,0,3565,1217,3000,0,4000
camara,camara 0.72,1070,3000,45,3510,870,3000,257,3269
camara,camara 0.70,845,3000,70,3460,824,3000,454,3061
camara,camara 0.81,750,3000,100,3535,747,2862,393,3116
camara,camara 0.83,595,2450,0,3530,843,2706,303,3181
camara,camara 0.87,255,2245,0,3490,452,2963,527,3036
camara,camara 0.83,105,3000,0,3395,562,2451,594,2867
camara,camara 0.83,15,3000,0,3550,306,2608,657,2871
camara,camara 0.78,0,2990,0,3170,243,2594,869,2725
camara,camara 0.84,0,2960,0,3110,264,2557,695,2893
camara,camara 0.80,0,2845,0,3110,0,2597,754,2776
camara,camara 0.39,1505,3000,0,3600,1237,3000,430,3446
camara,camara 0.40,1445,3000,0,3610,1167,3000,0,4000
camara,camara 0.40,1445,3000,75,3530,1172,3000,0,4000
camara,camara 0.45,1435,3000,60,3590,1124,3000,0,4000
camara,camara 0.44,1450,3000,60,3555,1143,3000,0,4000
camara,camara 0.53,1405,3000,45,3540,1195,3000,0,4000
camara,camara 0.48,1355,3000,45,3530,1186,3000,0,3952
camara,camara 0.59,1305,3000,70,3565,1306,2951,126,3412
camara,camara 0.88,635,3000,55,2885,879,2699,578,2800
camara,camara 0.85,465,3000,0,2990,751,2732,499,2911
camara,camara 0.71,445,3000,655,3225,434,2621,506,3512
camara,camara 0.71,0,2005,430,3230,215,2193,97,3781
camara,camara 0.44,780,2605,1050,2635,105,3000,963,2822
camara,camara 0.36,470,2265,830,2645,407,2113,640,2801
camara,camara 0.35,1205,2325,1445,2380,1434,2260,1149,2794
camara,0,1840,2985,1015,1925,0,0,0,0
camara,0,1685,2795,0,710,0,0,0,0
camara,camara 0.41,1550,2620,570,1495,858,3124,651,1559
clerigos,clerigos 0.74,1310,3000,10,3390,1021,3000,0,3689
clerigos,clerigos 0.81,665,2345,0,4000,388,2352,0,4000
clerigos,clerigos 0.90,315,2160,0,3880,258,2062,254,3718
clerigos,clerigos 0.89,1255,2695,0,2980,1433,2611,0,3413
clerigos,clerigos 0.92,430,2200,0,3990,295,2026,157,3859
clerigos,clerigos 0.93,950,2470,0,2995,1357,2392,0,3000
clerigos,clerigos 0.82,1210,3000,0,3990,771,3000,0,4000
clerigos,clerigos 0.94,440,2065,0,3900,820,1925,0,4000
clerigos,clerigos 0.87,345,2010,0,3425,0,2274,0,3752
clerigos,clerigos 0.77,1310,2750,0,2610,1571,2641,143,2555
clerigos,clerigos 0.84,960,2455,0,2960,1308,2409,0,3000
clerigos,clerigos 0.78,970,2390,0,2325,1242,2300,23,2291
clerigos,clerigos 0.95,815,2615,115,3980,160,2719,0,4000
clerigos,clerigos 0.88,440,1945,0,3860,705,1857,144,3851
clerigos,clerigos 0.75,355,1975,0,3070,368,1786,0,3515
clerigos,clerigos 0.84,955,2410,0,2945,1315,2404,0,3000
clerigos,clerigos 0.64,300,1895,0,2980,509,1623,0,3584
clerigos,clerigos 0.76,980,2385,0,2010,1107,2495,252,1721
clerigos,clerigos 0.85,415,1920,0,2990,372,1830,0,3380
clerigos,clerigos 0.84,1265,2135,0,3450,985,2175,0,4000
clerigos,clerigos 0.93,685,2160,0,3585,692,2275,0,4000
clerigos,clerigos 0.76,930,2375,0,1915,1131,2474,237,1727
clerigos,clerigos 0.62,640,2050,0,1830,880,2115,229,1702
clerigos,clerigos 0.83,1110,2410,0,2945,1425,2373,49,3304
clerigos,clerigos 0.90,970,2450,0,2975,1358,2369,0,3000
clerigos,clerigos 0.81,1025,2395,0,2445,1338,2397,11,2471
clerigos,clerigos 0.95,515,1995,0,3765,825,1929,0,4000
clerigos,clerigos 0.88,1500,2475,0,2980,1304,2419,0,3000
clerigos,clerigos 0.82,1270,2320,0,3620,1200,2160,0,4000
clerigos,0,1035,1500,400,1485,0,0,0,0
clerigos,clerigos 0.85,1720,2780,0,2760,1558,2637,138,2625
clerigos,0,1490,1645,1655,1970,0,0,0,0
clerigos,clerigos 0.72,1420,2405,0,2065,1053,2562,264,1723
clerigos,clerigos 0.60,310,1720,0,2965,551,1575,0,3593
clerigos,clerigos 0.71,280,1635,0,2925,116,1760,218,2671
clerigos,clerigos 0.58,1645,2990,0,3465,1473,2938,0,3914
clerigos,clerigos 0.94,1025,2015,0,3640,807,1942,0,4000
clerigos,camara 0.39,745,935,525,1080,2706,3573,0,1975
clerigos,clerigos 0.95,1075,2675,140,3980,408,3000,0,4000
clerigos,clerigos 0.88,380,1840,0,3165,0,2244,106,3391
clerigos,clerigos 0.93,1535,2475,0,3085,1094,2537,0,3901
clerigos,clerigos 0.90,470,2030,0,3810,128,2298,0,4000
clerigos,clerigos 0.77,1485,2995,0,3270,1185,3000,0,3681
clerigos,clerigos 0.68,1345,2255,0,3370,954,2254,0,4000
clerigos,clerigos 0.87,1210,2855,0,3940,984,2655,0,4000
clerigos,clerigos 0.84,480,1835,0,3260,242,2099,464,3471
clerigos,clerigos 0.96,700,2105,0,3960,21,2777,0,4000
clerigos,clerigos 0.82,335,1720,0,2735,319,1845,0,3496
clerigos,clerigos 0.93,1175,2125,0,3495,591,2329,0,4000
clerigos,0,1390,1565,1520,1900,0,0,0,0
clerigos,clerigos 0.79,1350,2995,0,3540,1112,2939,0,4000
clerigos,clerigos 0.93,1595,2495,0,2995,1387,2378,0,3000
clerigos,clerigos 0.71,1565,3000,5,3225,1374,2996,0,3797
clerigos,clerigos 0.90,555,2135,0,3985,224,2524,0,4000
clerigos,clerigos 0.95,1065,2055,0,3650,749,2021,0,4000
clerigos,clerigos 0.74,1575,2560,0,2920,1419,2388,0,3305
clerigos,clerigos 0.94,1065,2020,0,3625,801,1949,0,4000
clerigos,clerigos 0.69,530,2870,0,2740,337,2534,387,2497
clerigos,clerigos 0.87,665,2865,0,2805,213,2680,520,3052
clerigos,clerigos 0.88,605,2835,0,2990,0,2955,773,2818
clerigos,clerigos 0.87,555,2790,0,3170,0,2950,308,3681
clerigos,clerigos 0.88,505,2770,0,3300,0,3000,337,3658
clerigos,clerigos 0.90,580,2870,0,3570,0,3000,311,3682
clerigos,clerigos 0.91,495,2855,0,3640,0,3000,292,3717
clerigos,clerigos 0.92,620,2845,0,3690,0,3000,217,3772
clerigos,clerigos 0.92,645,2810,0,3760,0,3000,72,3917
clerigos,clerigos 0.92,655,2830,0,3830,0,3000,315,3699
clerigos,clerigos 0.91,680,2910,150,3880,66,2971,620,3504
clerigos,clerigos 0.72,625,2785,0,2180,317,2551,375,2508
clerigos,clerigos 0.71,725,2760,0,2185,325,2540,354,2531
clerigos,clerigos 0.70,605,2790,0,2235,0,3000,387,3125
clerigos,clerigos 0.71,790,2820,0,2300,0,2999,458,3061
clerigos,clerigos 0.69,710,2760,0,2300,185,2719,406,3116
clerigos,clerigos 0.80,655,2730,0,2450,42,2845,467,3065
clerigos,clerigos 0.83,620,2740,0,2475,36,2853,513,3012
clerigos,clerigos 0.84,635,2615,0,2640,328,2557,555,3031
clerigos,clerigos 0.32,1040,1655,335,3335,836,1740,0,3929
clerigos,clerigos 0.40,1190,1830,0,2805,1067,1798,0,4000
clerigos,clerigos 0.48,1110,1795,285,3160,854,1867,0,4000
clerigos,clerigos 0.71,1455,2130,0,2825,1325,2046,0,4000
clerigos,clerigos 0.70,2060,2850,0,2270,1613,3005,0,2715
clerigos,clerigos 0.79,2090,2925,0,2740,1795,2834,0,3000
clerigos,clerigos 0.46,2365,3580,0,2210,2437,3352,0,2858
clerigos,0,1980,3000,5,3010,0,0,0,0
clerigos,clerigos 0.36,1905,2960,0,3185,0,3000,280,3698
clerigos,clerigos 0.49,1635,2860,0,3250,1388,2738,0,4000
clerigos,clerigos 0.51,1490,2785,0,3445,1154,2844,0,4000
clerigos,clerigos 0.81,1300,2620,0,3545,1165,2419,0,4000
clerigos,clerigos 0.91,1200,2520,0,3655,846,2530,0,4000
clerigos,clerigos 0.79,1530,2850,175,3780,1210,2769,0,4000
clerigos,clerigos 0.55,1455,2495,0,2990,1449,2173,0,3534
clerigos,0,1455,2075,670,2315,0,0,0,0
clerigos,0,1565,2170,380,2115,0,0,0,0
clerigos,0,2655,3000,0,1545,0,0,0,0
clerigos,0,2465,3000,465,1920,0,0,0,0
clerigos,0,2285,3000,420,2045,0,0,0,0
clerigos,0,2005,2775,485,2055,0,0,0,0
clerigos,0,1800,2585,505,2195,0,0,0,0
clerigos,0,2385,2845,580,1620,0,0,0,0
clerigos,clerigos 0.49,3175,3725,10,1335,2955,3945,0,1978
clerigos,clerigos 0.62,2685,3295,300,1550,2578,3412,110,2046
clerigos,clerigos 0.71,1410,1835,880,2105,1334,1884,863,2326
clerigos,clerigos 0.62,1240,1620,1305,2410,1170,1689,1160,2929
clerigos,0,2115,2615,1295,2370,0,0,0,0
clerigos,clerigos 0.61,2370,2890,1260,2435,229,2764,1193,2959
clerigos,clerigos 0.61,1260,1640,1345,2450,1130,1767,1106,2999
clerigos,clerigos 0.50,1245,1640,1320,2460,1033,1891,866,3233
clerigos,clerigos 0.32,1305,1705,1325,2470,932,1999,1011,3106
clerigos,clerigos 0.39,1335,1695,1335,2405,1233,1839,1319,2794
clerigos,clerigos 0.46,1400,1815,1340,2475,1291,1904,1241,2869
clerigos,0,1635,2005,1365,2430,0,0,0,0
clerigos,0,1725,2170,1315,2480,0,0,0,0
clerigos,clerigos 0.31,1980,2445,1320,2440,235,2295,788,3267
clerigos,camara 0.39,2240,2775,1135,2240,0,3000,1539,2419
clerigos,clerigos 0.49,1665,2075,1245,2275,1569,2148,1195,2588
musica,musica 0.72,0,2370,320,1835,0,2841,32,1784
musica,0,835,3265,280,1835,0,0,0,0
musica,musica 0.63,30,1835,10,2940,163,3040,0,1773
musica,musica 0.78,325,2150,5,1835,0,2545,379,1485
musica,musica 0.63,0,2740,50,1715,392,2414,0,1809
musica,musica 0.88,5,1835,0,3085,59,3168,0,1836
musica,musica 0.88,405,3265,190,1835,698,3006,113,1819
musica,musica 0.87,0,2985,0,1835,0,3179,58,1792
musica,musica 0.61,0,2930,0,1395,0,3264,0,1510
musica,musica 0.30,0,1640,0,2160,0,2241,274,1721
musica,musica 0.51,10,1835,75,2760,0,3264,82,1675
musica,musica 0.86,300,3265,0,1825,485,2876,320,1473
musica,musica 0.84,0,3235,45,1835,0,3264,0,1751
musica,musica 0.95,100,3265,90,1835,322,2933,23,1836
musica,musica 0.86,0,2430,100,1720,292,1992,157,1651
musica,0,0,1685,380,2105,0,0,0,0
musica,musica 0.94,0,2950,225,1705,416,2392,0,1836
musica,musica 0.74,335,2735,320,1550,617,2223,305,1452
musica,musica 0.63,350,2645,295,1380,0,3264,0,1836
musica,musica 0.59,725,2820,400,1470,0,3264,396,1424
musica,musica 0.51,635,2680,500,1405,117,3192,235,1544
musica,musica 0.93,550,2635,495,1475,116,3143,166,1656
musica,0,0,1340,1185,2140,0,0,0,0
musica,0,15,1835,1155,2075,0,0,0,0
musica,musica 0.76,0,1685,525,1390,74,1711,499,1334
musica,musica 0.71,475,2460,520,1335,189,2661,277,1478
musica,0,825,2415,535,1250,0,0,0,0
musica,musica 0.64,315,2680,445,1600,0,3264,194,1740
musica,musica 0.78,0,1545,165,1540,152,1281,0,1836
musica,musica 0.41,220,3000,125,1425,175,3075,0,1836
musica,musica 0.92,1500,3265,190,1475,1352,3264,139,1783
musica,musica 0.85,695,2525,180,1400,580,2283,108,1622
musica,musica 0.48,0,1040,0,1460,266,680,0,1836
musica,musica 0.93,1695,3265,310,1390,1680,3167,135,1775
musica,musica 0.73,915,2360,400,1200,845,2329,285,1473
musica,musica 0.35,85,1535,1185,2015,1183,3000,0,1836
musica,0,1505,2595,515,1245,0,0,0,0
musica,0,1090,1430,710,1885,0,0,0,0
musica,musica 0.51,805,2315,445,1330,925,2268,0,1624
musica,0,150,1775,1045,2125,0,0,0,0
musica,musica 0.36,715,2290,405,895,0,3264,17,1836
musica,0,1115,2515,0,1295,0,0,0,0
musica,musica 0.56,415,1750,940,2275,892,2446,0,1836
musica,musica 0.92,550,2690,180,1585,851,2410,94,1706
musica,musica 0.89,1975,3265,0,1595,1989,3191,0,1836
musica,musica 0.65,305,1775,0,1485,0,3264,0,1836
musica,musica 0.86,190,2390,135,1535,0,2806,0,1836
musica,0,800,2185,890,1150,0,0,0,0
musica,musica 0.78,0,1650,0,1485,0,2057,186,1292
musica,musica 0.37,730,2060,250,1470,0,3264,225,1536
musica,0,375,1835,485,2385,0,0,0,0
musica,musica 0.64,1225,2640,235,1520,1503,2716,0,1742
musica,0,775,1475,465,1440,0,0,0,0
musica,musica 0.89,120,2205,250,1580,203,2129,246,1588
musica,musica 0.70,1135,3265,0,1565,1254,2982,42,1753
musica,musica 0.74,80,2245,90,1650,0,3264,39,1676
musica,musica 0.82,65,3015,0,1685,0,3199,46,1719
musica,musica 0.93,15,3265,25,1835,0,3264,0,1836
musica,musica 0.71,1275,3265,0,1610,1354,3002,0,1836
musica,musica 0.70,0,1605,380,1280,44,1611,372,1359
musica,0,1325,2925,405,1315,0,0,0,0
musica,serralves 0.34,1475,2740,440,1205,0,3264,271,1006
musica,0,950,2185,560,1195,0,0,0,0
musica,0,830,1835,985,1710,0,0,0,0
musica,0,0,1275,1165,1905,0,0,0,0
serralves,serralves 0.35,260,827,271,434,291,728,300,428
serralves,serralves 0.46,340,745,85,213,288,729,108,232
serralves,serralves 0.70,145,555,240,506,145,518,253,463
serralves,serralves 0.61,342,731,173,300,326,675,218,328
serralves,0,195,924,233,436,0,0,0,0
serralves,serralves 0.66,307,778,170,323,255,768,206,261
serralves,serralves 0.32,98,559,130,268,159,522,171,253
serralves,serralves 0.64,0,682,231,522,71,638,313,576
serralves,serralves 0.76,0,1023,154,487,0,1024,69,559
serralves,serralves 0.48,0,815,103,307,0,1024,9,443
serralves,serralves 0.72,303,768,139,285,318,708,183,294
serralves,serralves 0.61,100,1023,180,455,0,1024,103,485
serralves,0,143,948,106,359,0,0,0,0
serralves,serralves 0.61,383,698,182,343,276,784,191,318
serralves,serralves 0.34,225,879,253,452,405,633,255,494
serralves,serralves 0.65,74,877,83,645,45,954,75,578
serralves,serralves 0.58,147,891,101,332,319,685,183,275
serralves,serralves 0.77,43,1023,107,431,0,1024,131,388
serralves,serralves 0.68,229,1023,0,534,255,931,40,505
serralves,serralves 0.82,5,3520,280,1605,0,3537,351,1548
serralves,serralves 0.63,10,3530,1720,2720,385,3290,1628,2972
serralves,0,450,5210,610,2450,0,0,0,0
serralves,serralves 0.64,205,2335,795,1515,233,2301,686,1539
serralves,serralves 0.89,2,1022,85,585,0,1024,79,593
serralves,serralves 0.62,253,2583,507,1153,0,2592,258,1233
serralves,0,1137,2187,960,1217,0,0,0,0
serralves,serralves 0.77,195,4220,445,1790,0,4224,541,1599
serralves,serralves 0.55,183,655,45,281,93,724,22,254
serralves,serralves 0.40,141,286,69,150,97,331,32,172
serralves,serralves 0.62,84,528,64,379,42,577,38,373
serralves,serralves 0.48,273,1437,133,997,201,1577,0,1161
serralves,0,113,763,299,491,0,0,0,0
serralves,serralves 0.46,297,917,203,528,372,845,107,521
serralves,serralves 0.77,28,638,69,272,0,640,82,242
serralves,serralves 0.78,1,548,94,343,0,543,104,275
serralves,serralves 0.58,149,515,39,144,209,424,70,134
serralves,serralves 0.71,275,692,18,170,317,558,88,166
serralves,0,504,1492,374,612,0,0,0,0
serralves,serralves 0.49,2,540,42,350,137,384,0,385
serralves,serralves 0.56,314,933,17,228,378,786,105,195
serralves,serralves 0.50,51,244,34,86,48,222,39,90
none,musica 0.43,0,0,0,0,0,753,31,739
none,0,0,0,0,0,0,0,0,0
none,0,0,0,0,0,0,0,0,0
none,0,0,0,0,0,0,0,0,0
none,0,0,0,0,0,0,0,0,0
none,0,0,0,0,0,0,0,0,0
none,0,0,0,0,0,0,0,0,0
none,0,0,0,0,0,0,0,0,0
none,0,0,0,0,0,0,0,0,0
none,0,0,0,0,0,0,0,0,0
none,arrabida 0.46,0,0,0,0,53,715,0,765
none,0,0,0,0,0,0,0,0,0
none,0,0,0,0,0,0,0,0,0
none,0,0,0,0,0,0,0,0,0
none,0,0,0,0,0,0,0,0,0
none,0,0,0,0,0,0,0,0,0
none,0,0,0,0,0,0,0,0,0
none,musica 0.46,0,0,0,0,70,675,0,523
none,0,0,0,0,0,0,0,0,0
none,0,0,0,0,0,0,0,0,0
none,0,0,0,0,0,0,0,0,0
none,0,0,0,0,0,0,0,0,0
none,0,0,0,0,0,0,0,0,0
none,musica 0.82,0,0,0,0,0,761,0,778
none,0,0,0,0,0,0,0,0,0
none,0,0,0,0,0,0,0,0,0
none,0,0,0,0,0,0,0,0,0
none,0,0,0,0,0,0,0,0,0
none,0,0,0,0,0,0,0,0,0
none,musica 0.75,0,0,0,0,0,785,0,663
none,0,0,0,0,0,0,0,0,0
none,0,0,0,0,0,0,0,0,0
none,musica 0.47,0,0,0,0,129,673,58,759
none,serralves 0.33,0,0,0,0,90,718,184,374
none,0,0,0,0,0,0,0,0,0
none,0,0,0,0,0,0,0,0,0
none,0,0,0,0,0,0,0,0,0
none,musica 0.73,0,0,0,0,0,793,116,533
none,0,0,0,0,0,0,0,0,0
none,0,0,0,0,0,0,0,0,0
none,0,0,0,0,0,0,0,0,0
none,0,0,0,0,0,0,0,0,0
none,0,0,0,0,0,0,0,0,0
none,0,0,0,0,0,0,0,0,0
none,0,0,0,0,0,0,0,0,0
none,0,0,0,0,0,0,0,0,0
none,0,0,0,0,0,0,0,0,0
none,0,0,0,0,0,0,0,0,0
none,musica 0.51,0,0,0,0,0,810,58,773